aes cpu in5120 1	129.933829351		19.686335087	3.881090879	19.704491854	3.573514938
	in5120 2	75.014961136		19.399447918	3.889065027	19.683510065	3.616198778
	in5120 3	74.177040135		19.316349030	3.853072166 	19.806910992	3.641480923
	in5120 4	74.887217102			 MPI + openmp		     MPI + openmp + gpu
	
							   		    -O2				  openmp
	
						    		     总		    算		     总	            算	
aes cpu 
		in1920 1	28.330308897	12.840190967	22.686174886	6.995643325	16.408837734	1.722079245
		in1920 2	28.438959035	12.845183500 	22.481050193	6.954110510	16.577329616	1.720815752
		in1920 3	28.584394873	12.821896775 	22.453699833	6.926880050	16.507194327	1.726159740
	
		in1280 1	18.747762343	8.599635212	14.556429451	4.638799564	10.471050978	1.150907625
		in1280 2	18.836919543	8.592618953	14.641377198	4.637831050	10.534852922	1.150499474
		in1280 3	18.618097328	8.663784956 	14.498269327	4.644455422	10.740569408	1.144658404
	
		in512  1	6.848122954	3.446507835	5.190715248	1.871061667	3.518718015	0.460256792
		in512  2	6.488960262	3.442133197	5.130810683	1.860223798 	3.498456654	0.459002588
		in512  3	6.670836958	3.438316717	5.328531248	1.850963745	3.580314719	0.458739095
	
		in128  1	1.050855017	0.858082353	0.574555834	0.462525519	0.271563504	0.115290088
		in128  2	1.113304260	0.864093022	0.577027190	0.462373659	0.297621306	0.115471312
		in128  3	1.112666590	0.857874743	0.577916260	0.463537520	0.298074981	0.115274872
		
			 
			    总时间	  16M 1024	    Stream	  	   MPI单机器(1GPU 8CPU)			MPI多机器(2GPU 16CPU)	
aesCUDA gpu 						
	    in1920 1	 34.051687956	19.883645773	19.789705992		19.737604141	3.956597805
	    in1920 2	 35.185326815	19.745869875	19.812873840		19.646584034	3.903202057
	    in1920 3	 34.219844818	19.765317917	19.740324974		19.639304876	3.936802864 
	

	    in1280 1	 23.899756908	13.206964970	13.445102930		21.220072031	2.638662815
	    in1280 2	 23.960597992	13.172665119	13.199608803		12.383529902	2.645641088
	    in1280 3	 24.042985916 	13.299118996	13.184235096		12.259973049	2.628376961
	    
	    in512 1	 9.479916096	5.337113857	5.339880943 		4.111224174	1.123968840
	    in512 2	 8.662568092 	5.303804874	5.314360142		4.470149994	1.070666075 
	    in512 3	 8.843178988	5.393007994	5.315200090		4.176660061	1.104383945 
	    
	    in128 1	 1.584642887	1.408990145	1.379431963		0.455032110	0.310047150
	    in128 2	 1.580701113	1.381791115	1.380260944		0.490014076	0.310363054
	    in128 3	 1.579761028	1.433574915	1.379880905		0.460042953	0.316296816
	    
	    
	    
